
********************
NBkg grid searches
********************

n_bkg epochs  Mean_acc
1   500     20 0,7793750
2  1000     20 0,8440625
3  2000     20 0,7928125
4  3000     20 0,7268750
5  5000     20 0,6356250
6 10000     20 0,5553125
7 15000     20 0,5250000
8 20000     20 0,5043750


  n_bkg epochs  Mean_acc
1   500     20 0,7940625
2   750     20 0,8340625
3  1000     20 0,8443750
4  1500     20 0,8265625
5  2000     20 0,7906250
6  2500     20 0,7771875
7  3000     20 0,7415625



*************************
Batch size and epochs grid searches
*************************
NBKG=2000

   batch_size epochs  Mean_acc
1           1      5 0,8134375
2           5      5 0,8059375
3          10      5 0,7962500
4          15      5 0,8103125
5          20      5 0,7843750
6          50      5 0,7871875
7         100      5 0,7556250
8           1     10 0,7990625
9           5     10 0,7859375
10         10     10 0,7878125
11         15     10 0,8121875
12         20     10 0,7818750
13         50     10 0,7890625
14        100     10 0,8084375
15          1     20 0,8159375
16          5     20 0,7953125
17         10     20 0,7818750
18         15     20 0,7896875
19         20     20 0,8012500
20         50     20 0,7865625
21        100     20 0,7884375
22          1     30 0,8109375
23          5     30 0,7993750
24         10     30 0,7809375
25         15     30 0,7806250
26         20     30 0,7953125
27         50     30 0,7909375
28        100     30 0,7903125
29          1     50 0,8196875
30          5     50 0,7965625
31         10     50 0,8037500
32         15     50 0,7962500
33         20     50 0,7850000
34         50     50 0,7909375
35        100     50 0,7918750

NBKG=1000

   batch_size epochs  Mean_acc
1           1      5 0,8387500
2           5      5 0,8409375
3          10      5 0,8503125
4          20      5 0,8421875
5          50      5 0,8343750
6         100      5 0,8390625
7           1     10 0,8465625
8           5     10 0,8478125
9          10     10 0,8368750
10         20     10 0,8428125
11         50     10 0,8393750
12        100     10 0,8378125
13          1     20 0,8400000
14          5     20 0,8446875
15         10     20 0,8446875
16         20     20 0,8421875
17         50     20 0,8437500
18        100     20 0,8471875

   batch_size epochs  Mean_acc
1          10      5 0,8456250
2          10     10 0,8450000
3          10     20 0,8409375
4          10     30 0,8406250
5          10     50 0,8350000
6          10     75 0,8328125
7          10    100 0,8312500
8          10    150 0,8300000
9          10    200 0,8253125
10         10    300 0,8231250



*******************
Number of units
*******************


   unit1 unit2 unit3  Mean_acc
1    256   128    64 0,8400000
2    128   128    64 0,8484375
3     64   128    64 0,8471875
4    256    64    64 0,8437500
5    128    64    64 0,8434375
6     64    64    64 0,8400000
7    256    32    64 0,8440625
8    128    32    64 0,8425000
9     64    32    64 0,8475000
10   256   128    32 0,8453125
11   128   128    32 0,8478125
12    64   128    32 0,8503125
13   256    64    32 0,8353125
14   128    64    32 0,8462500
15    64    64    32 0,8434375
16   256    32    32 0,8384375
17   128    32    32 0,8406250
18    64    32    32 0,8456250
19   256   128    16 0,8440625
20   128   128    16 0,8462500
21    64   128    16 0,8368750
22   256    64    16 0,8478125
23   128    64    16 0,8462500
24    64    64    16 0,8440625
25   256    32    16 0,8468750
26   128    32    16 0,8406250
27    64    32    16 0,8478125



*******************
Layers dropout
*******************
   dropout1 dropout2 dropout3  Mean_acc
1       0,1      0,1      0,1 0,8437500
2       0,2      0,1      0,1 0,8462500
3       0,3      0,1      0,1 0,8437500
4       0,1      0,2      0,1 0,8431250
5       0,2      0,2      0,1 0,8406250
6       0,3      0,2      0,1 0,8453125
7       0,1      0,3      0,1 0,8481250
8       0,2      0,3      0,1 0,8450000
9       0,3      0,3      0,1 0,8512500
10      0,1      0,1      0,2 0,8450000
11      0,2      0,1      0,2 0,8453125
12      0,3      0,1      0,2 0,8384375
13      0,1      0,2      0,2 0,8381250
14      0,2      0,2      0,2 0,8437500
15      0,3      0,2      0,2 0,8440625
16      0,1      0,3      0,2 0,8478125
17      0,2      0,3      0,2 0,8446875
18      0,3      0,3      0,2 0,8459375
19      0,1      0,1      0,3 0,8406250
20      0,2      0,1      0,3 0,8503125
21      0,3      0,1      0,3 0,8409375
22      0,1      0,2      0,3 0,8350000
23      0,2      0,2      0,3 0,8468750
24      0,3      0,2      0,3 0,8381250
25      0,1      0,3      0,3 0,8437500
26      0,2      0,3      0,3 0,8465625
27      0,3      0,3      0,3 0,8465625


***********************
Activation function
************************




